{
 "cells": [
  {
   "cell_type": "markdown",
   "metadata": {},
   "source": [
    "## Fitted Q-iteration\n",
    "### Black-Sholes Simulation\n",
    "Simulate $N_{MC}$ stock price sample paths with $T$ steps by the classical Black-Sholes formula.\n",
    "\n",
    "$$dS_t=\\mu S_tdt+\\sigma S_tdW_t\\quad\\quad S_{t+1}=S_te^{\\left(\\mu-\\frac{1}{2}\\sigma^2\\right)\\Delta t+\\sigma\\sqrt{\\Delta t}Z}$$\n",
    "\n",
    "where $Z$ is a standard normal random variable.\n",
    "\n",
    "Based on simulated stock price $S_t$ paths, compute state variable $X_t$ by the following relation.\n",
    "\n",
    "$$X_t=-\\left(\\mu-\\frac{1}{2}\\sigma^2\\right)t\\Delta t+\\log S_t$$\n",
    "\n",
    "Also compute\n",
    "\n",
    "$$\\Delta S_t=S_{t+1}-e^{r\\Delta t}S_t\\quad\\quad \\Delta\\hat{S}_t=\\Delta S_t-\\Delta\\bar{S}_t\\quad\\quad t=0,...,T-1$$\n",
    "\n",
    "where $\\Delta\\bar{S}_t$ is the sample mean of all values of $\\Delta S_t$.\n",
    "\n",
    "Plots of 5 stock price $S_t$ and state variable $X_t$ paths are shown below."
   ]
  },
  {
   "cell_type": "markdown",
   "metadata": {},
   "source": [
    "Define function *terminal_payoff* to compute the terminal payoff of a European put option.\n",
    "\n",
    "$$H_T\\left(S_T\\right)=\\max\\left(K-S_T,0\\right)$$"
   ]
  },
  {
   "cell_type": "markdown",
   "metadata": {},
   "source": [
    "# Deep Q-Learning - Deep Q-Network"
   ]
  },
  {
   "cell_type": "markdown",
   "metadata": {},
   "source": [
    "### Dynamic Programming solution for QLBS \n",
    "\n",
    "The MDP problem in this case is to solve the following Bellman optimality equation for the action-value function.\n",
    "\n",
    "$$Q_t^\\star\\left(x,a\\right)=\\mathbb{E}_t\\left[R_t\\left(X_t,a_t,X_{t+1}\\right)+\\gamma\\max_{a_{t+1}\\in\\mathcal{A}}Q_{t+1}^\\star\\left(X_{t+1},a_{t+1}\\right)\\space|\\space X_t=x,a_t=a\\right],\\space\\space t=0,...,T-1,\\quad\\gamma=e^{-r\\Delta t}$$\n",
    "\n",
    "where $R_t\\left(X_t,a_t,X_{t+1}\\right)$ is the one-step time-dependent random reward and $a_t\\left(X_t\\right)$ is the action (hedge).\n",
    "\n",
    "Detailed steps of solving this equation by Dynamic Programming are illustrated below.\n",
    "With this set of basis functions $\\left\\{\\Phi_n\\left(X_t^k\\right)\\right\\}_{n=1}^N$, expand the optimal action (hedge) $a_t^\\star\\left(X_t\\right)$ and optimal Q-function $Q_t^\\star\\left(X_t,a_t^\\star\\right)$ in basis functions with time-dependent coefficients.\n",
    "$$a_t^\\star\\left(X_t\\right)=\\sum_n^N{\\phi_{nt}\\Phi_n\\left(X_t\\right)}\\quad\\quad Q_t^\\star\\left(X_t,a_t^\\star\\right)=\\sum_n^N{\\omega_{nt}\\Phi_n\\left(X_t\\right)}$$\n",
    "\n",
    "Coefficients $\\phi_{nt}$ and $\\omega_{nt}$ are computed recursively backward in time for $t=T−1,...,0$. \n",
    "\n",
    "Coefficients for expansions of the optimal action $a_t^\\star\\left(X_t\\right)$ are solved by\n",
    "\n",
    "$$\\phi_t=\\mathbf A_t^{-1}\\mathbf B_t$$\n",
    "\n",
    "where $\\mathbf A_t$ and $\\mathbf B_t$ are matrix and vector respectively with elements given by\n",
    "\n",
    "$$A_{nm}^{\\left(t\\right)}=\\sum_{k=1}^{N_{MC}}{\\Phi_n\\left(X_t^k\\right)\\Phi_m\\left(X_t^k\\right)\\left(\\Delta\\hat{S}_t^k\\right)^2}\\quad\\quad B_n^{\\left(t\\right)}=\\sum_{k=1}^{N_{MC}}{\\Phi_n\\left(X_t^k\\right)\\left[\\hat\\Pi_{t+1}^k\\Delta\\hat{S}_t^k+\\frac{1}{2\\gamma\\lambda}\\Delta S_t^k\\right]}$$\n",
    "\n",
    "Define function *function_A* and *function_B* to compute the value of matrix $\\mathbf A_t$ and vector $\\mathbf B_t$.\n",
    "\n",
    "### Part 2: Compute optimal hedge and portfolio value\n",
    "Call *function_A* and *function_B* for $t=T-1,...,0$ together with basis function $\\Phi_n\\left(X_t\\right)$ to compute optimal action $a_t^\\star\\left(X_t\\right)=\\sum_n^N{\\phi_{nt}\\Phi_n\\left(X_t\\right)}$ backward recursively with terminal condition $a_T^\\star\\left(X_T\\right)=0$.\n",
    "\n",
    "Once the optimal hedge $a_t^\\star\\left(X_t\\right)$ is computed, the portfolio value $\\Pi_t$ could also be computed backward recursively by \n",
    "\n",
    "$$\\Pi_t=\\gamma\\left[\\Pi_{t+1}-a_t^\\star\\Delta S_t\\right]\\quad t=T-1,...,0$$\n",
    "\n",
    "together with the terminal condition $\\Pi_T=H_T\\left(S_T\\right)=\\max\\left(K-S_T,0\\right)$ for a European put option.\n",
    "\n",
    "Also compute $\\hat{\\Pi}_t=\\Pi_t-\\bar{\\Pi}_t$, where $\\bar{\\Pi}_t$ is the sample mean of all values of $\\Pi_t$.\n",
    "\n",
    "\n",
    "Expand Q-function in basis functions with time-dependent coefficients parametrized by a matrix $\\mathbf W_t$.\n",
    "\n",
    "$$Q_t^\\star\\left(X_t,a_t\\right)=\\mathbf A_t^T\\mathbf W_t\\Phi\\left(X_t\\right)=\\mathbf A_t^T\\mathbf U_W\\left(t,X_t\\right)=\\vec{W}_t^T \\vec{\\Psi}\\left(X_t,a_t\\right)$$\n",
    "\n",
    "$$\\mathbf A_t=\\left(\\begin{matrix}1\\\\a_t\\\\\\frac{1}{2}a_t^2\\end{matrix}\\right)\\quad\\mathbf U_W\\left(t,X_t\\right)=\\mathbf W_t\\Phi\\left(X_t\\right)$$\n",
    "\n",
    "where $\\vec{W}_t$ is obtained by concatenating columns of matrix $\\mathbf W_t$ while \n",
    "$ vec \\left( {\\bf \\Psi} \\left(X_t,a_t \\right) \\right) = \n",
    "  vec \\, \\left( {\\bf A}_t  \\otimes {\\bf \\Phi}^T(X) \\right) $ stands for \n",
    "a vector obtained by concatenating columns of the outer product of vectors $ {\\bf A}_t $ and $ {\\bf \\Phi}(X) $.\n",
    "\n",
    "Compute vector $\\mathbf A_t$ then compute $\\vec\\Psi\\left(X_t,a_t\\right)$ for each $X_t^k$ and store in a dictionary with key path and time $\\left[k,t\\right]$.\n",
    " \n",
    "Once the optimal hedge $a_t^\\star$ and portfolio value $\\Pi_t$ are all computed, the reward function $R_t\\left(X_t,a_t,X_{t+1}\\right)$ could then be computed by\n",
    "\n",
    "$$R_t\\left(X_t,a_t,X_{t+1}\\right)=\\gamma a_t\\Delta S_t-\\lambda Var\\left[\\Pi_t\\space|\\space\\mathcal F_t\\right]\\quad t=0,...,T-1$$\n",
    "\n",
    "with terminal condition $R_T=-\\lambda Var\\left[\\Pi_T\\right]$.\n",
    "\n",
    "Plot of 5 reward function $R_t$ paths is shown below.\n",
    "\n",
    "## Part 2: Compute the optimal Q-function with the DP approach\n",
    "Coefficients for expansions of the optimal Q-function $Q_t^\\star\\left(X_t,a_t^\\star\\right)$ are solved by\n",
    "\n",
    "$$\\omega_t=\\mathbf C_t^{-1}\\mathbf D_t$$\n",
    "\n",
    "where $\\mathbf C_t$ and $\\mathbf D_t$ are matrix and vector respectively with elements given by\n",
    "\n",
    "$$C_{nm}^{\\left(t\\right)}=\\sum_{k=1}^{N_{MC}}{\\Phi_n\\left(X_t^k\\right)\\Phi_m\\left(X_t^k\\right)}\\quad\\quad D_n^{\\left(t\\right)}=\\sum_{k=1}^{N_{MC}}{\\Phi_n\\left(X_t^k\\right)\\left(R_t\\left(X_t,a_t^\\star,X_{t+1}\\right)+\\gamma\\max_{a_{t+1}\\in\\mathcal{A}}Q_{t+1}^\\star\\left(X_{t+1},a_{t+1}\\right)\\right)}$$\n",
    "\n",
    "Define function *function_C* and *function_D* to compute the value of matrix $\\mathbf C_t$ and vector $\\mathbf D_t$.\n",
    " \n",
    "Call *function_C* and *function_D* for $t=T-1,...,0$ together with basis function $\\Phi_n\\left(X_t\\right)$ to compute optimal action Q-function $Q_t^\\star\\left(X_t,a_t^\\star\\right)=\\sum_n^N{\\omega_{nt}\\Phi_n\\left(X_t\\right)}$ backward recursively with terminal condition $Q_T^\\star\\left(X_T,a_T=0\\right)=-\\Pi_T\\left(X_T\\right)-\\lambda Var\\left[\\Pi_T\\left(X_T\\right)\\right]$.\n",
    "\n",
    "Compare the QLBS price to European put price given by Black-Sholes formula.\n",
    "\n",
    "$$C_t^{\\left(BS\\right)}=Ke^{-r\\left(T-t\\right)}\\mathcal N\\left(-d_2\\right)-S_t\\mathcal N\\left(-d_1\\right)$$\n",
    "\n",
    "## Hedging and Pricing with Reinforcement Learning\n",
    "Implement a batch-mode off-policy model-free Q-Learning by Fitted Q-Iteration. The only data available is given by a set of $N_{MC}$ paths for the underlying state variable $X_t$, hedge position $a_t$, instantaneous reward $R_t$ and the next-time value $X_{t+1}$.\n",
    "\n",
    "$$\\mathcal F_t^k=\\left\\{\\left(X_t^k,a_t^k,R_t^k,X_{t+1}^k\\right)\\right\\}_{t=0}^{T-1}\\quad k=1,...,N_{MC}$$\n",
    "\n",
    "Detailed steps of solving the Bellman optimalty equation by Reinforcement Learning are illustrated below.\n",
    "Expand Q-function in basis functions with time-dependent coefficients parametrized by a matrix $\\mathbf W_t$.\n",
    "\n",
    "$$Q_t^\\star\\left(X_t,a_t\\right)=\\mathbf A_t^T\\mathbf W_t\\Phi\\left(X_t\\right)=\\mathbf A_t^T\\mathbf U_W\\left(t,X_t\\right)=\\vec{W}_t^T \\vec{\\Psi}\\left(X_t,a_t\\right)$$\n",
    "\n",
    "$$\\mathbf A_t=\\left(\\begin{matrix}1\\\\a_t\\\\\\frac{1}{2}a_t^2\\end{matrix}\\right)\\quad\\mathbf U_W\\left(t,X_t\\right)=\\mathbf W_t\\Phi\\left(X_t\\right)$$\n",
    "\n",
    "where $\\vec{W}_t$ is obtained by concatenating columns of matrix $\\mathbf W_t$ while \n",
    "$ vec \\left( {\\bf \\Psi} \\left(X_t,a_t \\right) \\right) = \n",
    "  vec \\, \\left( {\\bf A}_t  \\otimes {\\bf \\Phi}^T(X) \\right) $ stands for \n",
    "a vector obtained by concatenating columns of the outer product of vectors $ {\\bf A}_t $ and $ {\\bf \\Phi}(X) $.\n",
    "\n",
    "Compute vector $\\mathbf A_t$ then compute $\\vec\\Psi\\left(X_t,a_t\\right)$ for each $X_t^k$ and store in a dictionary with key path and time $\\left[k,t\\right]$.\n",
    "\n",
    "### Part 3: Make off-policy data\n",
    "\n",
    "- **on-policy** data - contains an optimal action and the corresponding reward\n",
    "- **off-policy** data - contains random action and the corresponding reward\n",
    "\n",
    "Given a large enough sample, i.e. N_MC tending to infinity Q-Learner will learn an optimal policy from the data in a model-free setting.\n",
    "In our case a random action is an optimal action + noise generated by sampling from uniform: distribution $$a_t\\left(X_t\\right) = a_t^\\star\\left(X_t\\right) \\sim U\\left[1-\\eta, 1 + \\eta\\right]$$\n",
    "\n",
    "where $\\eta$ is a disturbance level\n",
    "In other words, each noisy action is calculated by taking optimal action computed previously and multiplying it by a uniform r.v. in the interval $\\left[1-\\eta, 1 + \\eta\\right]$\n",
    "\n",
    "**Instructions:**\n",
    "In the loop below:\n",
    " - Compute the optimal policy, and write the result to a_op\n",
    " - Now disturb these values by a random noise\n",
    " $$a_t\\left(X_t\\right) = a_t^\\star\\left(X_t\\right) \\sim U\\left[1-\\eta, 1 + \\eta\\right]$$\n",
    " - Compute portfolio values corresponding to observed actions\n",
    " $$\\Pi_t=\\gamma\\left[\\Pi_{t+1}-a_t^\\star\\Delta S_t\\right]\\quad t=T-1,...,0$$\n",
    " - Compute rewards corrresponding to observed actions\n",
    " $$R_t\\left(X_t,a_t,X_{t+1}\\right)=\\gamma a_t\\Delta S_t-\\lambda Var\\left[\\Pi_t\\space|\\space\\mathcal F_t\\right]\\quad t=T-1,...,0$$\n",
    "with terminal condition $$R_T=-\\lambda Var\\left[\\Pi_T\\right]$$\n",
    "\n",
    "### Part 4: Calculate $\\mathbf S_t$ and $\\mathbf M_t$ marix and vector\n",
    "Vector $\\vec W_t$ could be solved by\n",
    "\n",
    "$$\\vec W_t=\\mathbf S_t^{-1}\\mathbf M_t$$\n",
    "\n",
    "where $\\mathbf S_t$ and $\\mathbf M_t$ are matrix and vector respectively with elements given by\n",
    "\n",
    "$$S_{nm}^{\\left(t\\right)}=\\sum_{k=1}^{N_{MC}}{\\Psi_n\\left(X_t^k,a_t^k\\right)\\Psi_m\\left(X_t^k,a_t^k\\right)}\\quad\\quad M_n^{\\left(t\\right)}=\\sum_{k=1}^{N_{MC}}{\\Psi_n\\left(X_t^k,a_t^k\\right)\\left(R_t\\left(X_t,a_t,X_{t+1}\\right)+\\gamma\\max_{a_{t+1}\\in\\mathcal{A}}Q_{t+1}^\\star\\left(X_{t+1},a_{t+1}\\right)\\right)}$$\n",
    "\n",
    "Define function *function_S* and *function_M* to compute the value of matrix $\\mathbf S_t$ and vector $\\mathbf M_t$.\n",
    "\n",
    "**Instructions:**\n",
    "- implement function_S_vec() which computes $S_{nm}^{\\left(t\\right)}$ matrix\n",
    "- implement function_M_vec() which computes $M_n^{\\left(t\\right)}$ column vector\n",
    " \n",
    "Call *function_S* and *function_M* for $t=T-1,...,0$ together with vector $\\vec\\Psi\\left(X_t,a_t\\right)$ to compute $\\vec W_t$ and learn the Q-function $Q_t^\\star\\left(X_t,a_t\\right)=\\mathbf A_t^T\\mathbf U_W\\left(t,X_t\\right)$ implied by the input data backward recursively with terminal condition $Q_T^\\star\\left(X_T,a_T=0\\right)=-\\Pi_T\\left(X_T\\right)-\\lambda Var\\left[\\Pi_T\\left(X_T\\right)\\right]$.\n",
    "\n",
    "When the vector $ \\vec{W}_t $ is computed as per the above at time $ t $, \n",
    "we can convert it back to a matrix $ \\bf{W}_t $ obtained from the vector $ \\vec{W}_t $ by \n",
    "reshaping to the shape $ 3 \\times M $.\n",
    "\n",
    "We can now calculate the matrix $ {\\bf U}_t $\n",
    "at time $ t $ for the whole set of MC paths as follows (this is Eq.(65) from the paper in a matrix form):\n",
    "\n",
    "$$  \\mathbf U_{W} \\left(t,X_t \\right) = \n",
    "\\left[\\begin{matrix} \\mathbf U_W^{0,k}\\left(t,X_t \\right) \\\\  \n",
    "\\mathbf U_W^{1,k}\\left(t,X_t \\right) \\\\ \\mathbf U_W^{2,k} \\left(t,X_t \\right)\n",
    "\\end{matrix}\\right]\n",
    "= \\bf{W}_t \\Phi_t \\left(t,X_t \\right)  $$\n",
    "\n",
    "Here the matrix $ {\\bf \\Phi}_t $ has the shape shape $ M \\times N_{MC}$. \n",
    "Therefore, their dot product has dimension $ 3 \\times N_{MC}$, as it should be. \n",
    "\n",
    "Once this matrix $ {\\bf U}_t $ is computed, individual vectors $ {\\bf U}_{W}^{1}, {\\bf U}_{W}^{2}, {\\bf U}_{W}^{3} $ for all MC paths are read off as rows of this matrix.\n",
    "\n",
    "From here, we can compute the optimal action and optimal Q-function $Q^{\\star}(X_t, a_t^{\\star}) $ at the optimal action for a given step $ t $. This will be used to evaluate the $ \\max_{a_{t+1} \\in \\mathcal{A}} Q^{\\star} \\left(X_{t+1}, a_{t+1} \\right) $.\n",
    "\n",
    "\n",
    "The optimal action and optimal Q-function with the optimal action could be computed by\n",
    "\n",
    "$$a_t^\\star\\left(X_t\\right)=\\frac{\\mathbb{E}_{t} \\left[  \\Delta \\hat{S}_{t}  \\hat{\\Pi}_{t+1} + \\frac{1}{2 \\gamma \\lambda} \\Delta S_{t} \\right]}{\n",
    "  \\mathbb{E}_{t} \\left[ \\left( \\Delta \\hat{S}_{t} \\right)^2 \\right]}\\, , \n",
    "\\quad\\quad Q_t^\\star\\left(X_t,a_t^\\star\\right)=\\mathbf U_W^{\\left(0\\right)}\\left(t,X_t\\right)+ a_t^\\star \\mathbf U_W^{\\left(2\\right)}\\left(t,X_t\\right) +\\frac{1}{2}\\left(a_t^\\star\\right)^2\\mathbf U_W^{\\left(2\\right)}\\left(t,X_t\\right)$$\n",
    "\n",
    "with terminal condition $a_T^\\star=0$ and $Q_T^\\star\\left(X_T,a_T^\\star=0\\right)=-\\Pi_T\\left(X_T\\right)-\\lambda Var\\left[\\Pi_T\\left(X_T\\right)\\right]$.\n",
    "\n",
    "Plots of 5 optimal action $a_t^\\star\\left(X_t\\right)$, optimal Q-function with optimal action $Q_t^\\star\\left(X_t,a_t^\\star\\right)$ and implied Q-function $Q_t^\\star\\left(X_t,a_t\\right)$ paths are shown below."
   ]
  },
  {
   "cell_type": "code",
   "execution_count": 1,
   "metadata": {
    "metadata": {}
   },
   "outputs": [
    {
     "name": "stderr",
     "output_type": "stream",
     "text": [
      "/tmp/ipykernel_18331/1735427539.py:33: DeprecationWarning: In a future version, `df.iloc[:, i] = newvals` will attempt to set the values inplace instead of always setting a new array. To retain the old behavior, use either `df[df.columns[i]] = newvals` or, if columns are non-unique, `df.isetitem(i, newvals)`\n",
      "  S.loc[:,0] = S0\n",
      "/tmp/ipykernel_18331/1735427539.py:39: DeprecationWarning: In a future version, `df.iloc[:, i] = newvals` will attempt to set the values inplace instead of always setting a new array. To retain the old behavior, use either `df[df.columns[i]] = newvals` or, if columns are non-unique, `df.isetitem(i, newvals)`\n",
      "  S.loc[:,t] = S.loc[:,t-1] * np.exp((mu - 1/2 * sigma**2) * delta_t + sigma * np.sqrt(delta_t) * RN.loc[:,t])\n",
      "/home/supremusdominus/anaconda3/envs/ML/lib/python3.10/site-packages/numpy/core/fromnumeric.py:86: FutureWarning: In a future version, DataFrame.min(axis=None) will return a scalar min over the entire DataFrame. To retain the old behavior, use 'frame.min(axis=0)' or just 'frame.min()'\n",
      "  return reduction(axis=axis, out=out, **passkwargs)\n",
      "/home/supremusdominus/anaconda3/envs/ML/lib/python3.10/site-packages/numpy/core/fromnumeric.py:86: FutureWarning: In a future version, DataFrame.max(axis=None) will return a scalar max over the entire DataFrame. To retain the old behavior, use 'frame.max(axis=0)' or just 'frame.max()'\n",
      "  return reduction(axis=axis, out=out, **passkwargs)\n"
     ]
    },
    {
     "name": "stdout",
     "output_type": "stream",
     "text": [
      "\n",
      "Time Cost: 0.013074159622192383 seconds\n",
      "X.shape =  (10, 7)\n",
      "X_min, X_max =  4.300738142345508 4.760049477918197\n",
      "Number of points k =  17\n",
      "num_basis =  12\n",
      "dim data_mat_t =  (7, 10, 12)\n",
      "Computational time: 0.005759477615356445 seconds\n",
      "Pi_op:      0  1  2  3  4  5          6\n",
      "1   0  0  0  0  0  0   0.000000\n",
      "2   0  0  0  0  0  0   0.000000\n",
      "3   0  0  0  0  0  0  21.842050\n",
      "4   0  0  0  0  0  0  10.463741\n",
      "5   0  0  0  0  0  0   8.599099\n",
      "6   0  0  0  0  0  0   0.000000\n",
      "7   0  0  0  0  0  0   7.875384\n",
      "8   0  0  0  0  0  0   8.136428\n",
      "9   0  0  0  0  0  0   5.436850\n",
      "10  0  0  0  0  0  0   0.000000\n",
      "K:  100\n",
      "S.iloc[:,-1]:  1     117.933708\n",
      "2     113.886182\n",
      "3      78.157950\n",
      "4      89.536259\n",
      "5      91.400901\n",
      "6     102.566687\n",
      "7      92.124616\n",
      "8      91.863572\n",
      "9      94.563150\n",
      "10    118.366229\n",
      "Name: 6, dtype: float64\n",
      "Pi_op.iloc[:,-1]:  1      0.000000\n",
      "2      0.000000\n",
      "3     21.842050\n",
      "4     10.463741\n",
      "5      8.599099\n",
      "6      0.000000\n",
      "7      7.875384\n",
      "8      8.136428\n",
      "9      5.436850\n",
      "10     0.000000\n",
      "Name: 6, dtype: float64\n",
      "A_mat:  [[3.52934739e+00 0.00000000e+00 0.00000000e+00 0.00000000e+00\n",
      "  0.00000000e+00 0.00000000e+00 0.00000000e+00 0.00000000e+00\n",
      "  0.00000000e+00 0.00000000e+00 0.00000000e+00 0.00000000e+00]\n",
      " [0.00000000e+00 2.49094630e-03 4.46971495e-02 1.26186952e-01\n",
      "  6.54531338e-02 6.09388544e-05 0.00000000e+00 0.00000000e+00\n",
      "  0.00000000e+00 0.00000000e+00 0.00000000e+00 0.00000000e+00]\n",
      " [0.00000000e+00 4.46971495e-02 1.34098169e+00 3.78379542e+00\n",
      "  1.96721044e+00 3.89804454e-03 5.17653576e-05 0.00000000e+00\n",
      "  0.00000000e+00 0.00000000e+00 0.00000000e+00 0.00000000e+00]\n",
      " [0.00000000e+00 1.26186952e-01 3.78379542e+00 1.08666924e+01\n",
      "  6.66330816e+00 4.81236167e-01 1.33633428e-02 3.78151633e-07\n",
      "  0.00000000e+00 0.00000000e+00 0.00000000e+00 0.00000000e+00]\n",
      " [0.00000000e+00 6.54531338e-02 1.96721044e+00 6.66330816e+00\n",
      "  9.80626322e+00 3.26731178e+00 4.46261141e-01 6.93983157e-02\n",
      "  1.53177689e-04 0.00000000e+00 0.00000000e+00 0.00000000e+00]\n",
      " [0.00000000e+00 6.09388544e-05 3.89804454e-03 4.81236167e-01\n",
      "  3.26731178e+00 6.79494345e+00 1.02717207e+01 2.11037061e+00\n",
      "  4.65863006e-03 0.00000000e+00 0.00000000e+00 0.00000000e+00]\n",
      " [0.00000000e+00 0.00000000e+00 5.17653576e-05 1.33633428e-02\n",
      "  4.46261141e-01 1.02717207e+01 1.98762473e+01 4.11552877e+00\n",
      "  9.08505134e-03 0.00000000e+00 0.00000000e+00 0.00000000e+00]\n",
      " [0.00000000e+00 0.00000000e+00 0.00000000e+00 3.78151633e-07\n",
      "  6.93983157e-02 2.11037061e+00 4.11552877e+00 1.94591855e+00\n",
      "  4.51788114e+00 4.33013363e+00 8.30694505e-01 9.68269234e-03]\n",
      " [0.00000000e+00 0.00000000e+00 0.00000000e+00 0.00000000e+00\n",
      "  1.53177689e-04 4.65863006e-03 9.08505134e-03 4.51788114e+00\n",
      "  1.89186367e+01 1.85134891e+01 3.77552366e+00 1.04704874e-01]\n",
      " [0.00000000e+00 0.00000000e+00 0.00000000e+00 0.00000000e+00\n",
      "  0.00000000e+00 0.00000000e+00 0.00000000e+00 4.33013363e+00\n",
      "  1.85134891e+01 1.89251773e+01 4.79331701e+00 5.12669570e-01]\n",
      " [0.00000000e+00 0.00000000e+00 0.00000000e+00 0.00000000e+00\n",
      "  0.00000000e+00 0.00000000e+00 0.00000000e+00 8.30694505e-01\n",
      "  3.77552366e+00 4.79331701e+00 2.92567234e+00 1.10250331e+00]\n",
      " [0.00000000e+00 0.00000000e+00 0.00000000e+00 0.00000000e+00\n",
      "  0.00000000e+00 0.00000000e+00 0.00000000e+00 9.68269234e-03\n",
      "  1.04704874e-01 5.12669570e-01 1.10250331e+00 7.87668872e-01]]\n",
      "B_vec:  [ 29.31545238   0.07340571   2.20001145   6.06132232   1.21033475\n",
      " -11.38053291 -19.05372845  -1.98038192   4.42462101   3.27884544\n",
      "   9.57441301   7.72047508]\n",
      "data_mat_t[t,:,:]:  [[0.00000000e+00 0.00000000e+00 0.00000000e+00 0.00000000e+00\n",
      "  0.00000000e+00 0.00000000e+00 0.00000000e+00 6.42130133e-05\n",
      "  3.72893891e-03 6.49408077e-02 3.77511182e-01 5.53754859e-01]\n",
      " [0.00000000e+00 0.00000000e+00 0.00000000e+00 0.00000000e+00\n",
      "  0.00000000e+00 0.00000000e+00 0.00000000e+00 2.30034690e-03\n",
      "  4.64507075e-02 2.69619375e-01 4.87299049e-01 1.94330522e-01]\n",
      " [1.00000000e+00 0.00000000e+00 0.00000000e+00 0.00000000e+00\n",
      "  0.00000000e+00 0.00000000e+00 0.00000000e+00 0.00000000e+00\n",
      "  0.00000000e+00 0.00000000e+00 0.00000000e+00 0.00000000e+00]\n",
      " [0.00000000e+00 0.00000000e+00 0.00000000e+00 0.00000000e+00\n",
      "  9.70522965e-03 2.95167493e-01 5.75622403e-01 1.19241647e-01\n",
      "  2.63226661e-04 0.00000000e+00 0.00000000e+00 0.00000000e+00]\n",
      " [0.00000000e+00 0.00000000e+00 0.00000000e+00 1.67915139e-02\n",
      "  3.92546555e-01 5.21032048e-01 6.96151107e-02 1.47718984e-05\n",
      "  0.00000000e+00 0.00000000e+00 0.00000000e+00 0.00000000e+00]\n",
      " [0.00000000e+00 0.00000000e+00 0.00000000e+00 0.00000000e+00\n",
      "  0.00000000e+00 0.00000000e+00 0.00000000e+00 1.16217941e-01\n",
      "  4.44945579e-01 3.80310526e-01 5.84086525e-02 1.17300941e-04]\n",
      " [0.00000000e+00 0.00000000e+00 3.83439592e-04 9.94436982e-02\n",
      "  6.22790888e-01 2.70081066e-01 7.30090805e-03 0.00000000e+00\n",
      "  0.00000000e+00 0.00000000e+00 0.00000000e+00 0.00000000e+00]\n",
      " [0.00000000e+00 6.26740011e-03 1.87890684e-01 5.30444401e-01\n",
      "  2.75141350e-01 2.56164949e-04 0.00000000e+00 0.00000000e+00\n",
      "  0.00000000e+00 0.00000000e+00 0.00000000e+00 0.00000000e+00]\n",
      " [0.00000000e+00 0.00000000e+00 4.78304516e-04 1.05079389e-01\n",
      "  6.28268739e-01 2.59736827e-01 6.43674110e-03 0.00000000e+00\n",
      "  0.00000000e+00 0.00000000e+00 0.00000000e+00 0.00000000e+00]\n",
      " [0.00000000e+00 0.00000000e+00 0.00000000e+00 0.00000000e+00\n",
      "  0.00000000e+00 0.00000000e+00 0.00000000e+00 7.83853407e-02\n",
      "  3.79763145e-01 4.36012799e-01 1.04587453e-01 1.25126238e-03]]\n",
      "phi:  [  8.30619635   0.06347178   1.71134959  -1.17467478   2.21979295\n",
      "  -5.06439184  -0.84220009  11.81393196  12.16197626 -17.48096207\n",
      "  11.73723849   2.98892008]\n",
      "A_mat:  [[1.35865391e-02 1.34194398e-01 2.14771986e-01 9.19526084e-02\n",
      "  1.04285958e-02 0.00000000e+00 0.00000000e+00 0.00000000e+00\n",
      "  0.00000000e+00 0.00000000e+00 0.00000000e+00 0.00000000e+00]\n",
      " [1.34194398e-01 1.43176172e+00 2.29176924e+00 9.89848423e-01\n",
      "  1.18724616e-01 8.02448230e-05 0.00000000e+00 0.00000000e+00\n",
      "  0.00000000e+00 0.00000000e+00 0.00000000e+00 0.00000000e+00]\n",
      " [2.14771986e-01 2.29176924e+00 3.89954652e+00 2.73758709e+00\n",
      "  1.13102849e+00 1.25776191e-02 0.00000000e+00 0.00000000e+00\n",
      "  0.00000000e+00 0.00000000e+00 0.00000000e+00 0.00000000e+00]\n",
      " [9.19526084e-02 9.89848423e-01 2.73758709e+00 6.65658530e+00\n",
      "  5.13027223e+00 8.77690023e-02 1.53191466e-03 3.67621644e-05\n",
      "  0.00000000e+00 0.00000000e+00 0.00000000e+00 0.00000000e+00]\n",
      " [1.04285958e-02 1.18724616e-01 1.13102849e+00 5.13027223e+00\n",
      "  4.69723454e+00 1.04889669e+00 4.99989953e-01 2.31637269e-02\n",
      "  1.22614821e-06 0.00000000e+00 0.00000000e+00 0.00000000e+00]\n",
      " [0.00000000e+00 8.02448230e-05 1.25776191e-02 8.77690023e-02\n",
      "  1.04889669e+00 4.92941755e+00 3.21717356e+00 2.22530232e-01\n",
      "  2.58392593e-05 0.00000000e+00 0.00000000e+00 0.00000000e+00]\n",
      " [0.00000000e+00 0.00000000e+00 0.00000000e+00 1.53191466e-03\n",
      "  4.99989953e-01 3.21717356e+00 2.66167875e+00 9.49484017e-01\n",
      "  4.72148355e-01 3.86805836e-02 2.49768054e-07 0.00000000e+00]\n",
      " [0.00000000e+00 0.00000000e+00 0.00000000e+00 3.67621644e-05\n",
      "  2.31637269e-02 2.22530232e-01 9.49484017e-01 1.24535392e+01\n",
      "  8.82982449e+00 1.12823982e+00 3.65470470e-02 1.53496494e-05]\n",
      " [0.00000000e+00 0.00000000e+00 0.00000000e+00 0.00000000e+00\n",
      "  1.22614821e-06 2.58392593e-05 4.72148355e-01 8.82982449e+00\n",
      "  7.59305552e+00 1.73594998e+00 1.01113979e-01 2.01208595e-03]\n",
      " [0.00000000e+00 0.00000000e+00 0.00000000e+00 0.00000000e+00\n",
      "  0.00000000e+00 0.00000000e+00 3.86805836e-02 1.12823982e+00\n",
      "  1.73594998e+00 7.67241930e-01 7.88123562e-02 8.01083429e-02]\n",
      " [0.00000000e+00 0.00000000e+00 0.00000000e+00 0.00000000e+00\n",
      "  0.00000000e+00 0.00000000e+00 2.49768054e-07 3.65470470e-02\n",
      "  1.01113979e-01 7.88123562e-02 3.12137044e-01 1.08574783e+00]\n",
      " [0.00000000e+00 0.00000000e+00 0.00000000e+00 0.00000000e+00\n",
      "  0.00000000e+00 0.00000000e+00 0.00000000e+00 1.53496494e-05\n",
      "  2.01208595e-03 8.01083429e-02 1.08574783e+00 3.84327444e+00]]\n",
      "B_vec:  [-0.47807909 -5.09210578 -7.53180257 -0.26114769  3.0789245   4.22846888\n",
      "  3.13079673  2.27941926  1.86478789  0.59039089  1.64651452  5.72499446]\n",
      "data_mat_t[t,:,:]:  [[0.00000000e+00 0.00000000e+00 0.00000000e+00 0.00000000e+00\n",
      "  0.00000000e+00 0.00000000e+00 0.00000000e+00 0.00000000e+00\n",
      "  0.00000000e+00 0.00000000e+00 0.00000000e+00 0.00000000e+00]\n",
      " [0.00000000e+00 0.00000000e+00 0.00000000e+00 0.00000000e+00\n",
      "  0.00000000e+00 0.00000000e+00 0.00000000e+00 3.06370562e-06\n",
      "  4.01601294e-04 1.59891848e-02 2.16709297e-01 7.66896853e-01]\n",
      " [2.71300134e-02 2.89253129e-01 4.62936382e-01 1.98201863e-01\n",
      "  2.24786131e-02 0.00000000e+00 0.00000000e+00 0.00000000e+00\n",
      "  0.00000000e+00 0.00000000e+00 0.00000000e+00 0.00000000e+00]\n",
      " [0.00000000e+00 0.00000000e+00 0.00000000e+00 0.00000000e+00\n",
      "  1.65391847e-02 3.48656418e-01 5.46890621e-01 8.78589352e-02\n",
      "  5.48401821e-05 0.00000000e+00 0.00000000e+00 0.00000000e+00]\n",
      " [0.00000000e+00 0.00000000e+00 0.00000000e+00 0.00000000e+00\n",
      "  3.87319273e-02 4.49207629e-01 4.67295358e-01 4.47650832e-02\n",
      "  3.24778106e-09 0.00000000e+00 0.00000000e+00 0.00000000e+00]\n",
      " [0.00000000e+00 0.00000000e+00 0.00000000e+00 0.00000000e+00\n",
      "  0.00000000e+00 0.00000000e+00 3.33895691e-02 5.64438313e-01\n",
      "  3.71716566e-01 3.04553552e-02 1.96269814e-07 0.00000000e+00]\n",
      " [0.00000000e+00 8.42985444e-04 1.01205888e-01 4.97727492e-01\n",
      "  3.96008177e-01 4.21545715e-03 0.00000000e+00 0.00000000e+00\n",
      "  0.00000000e+00 0.00000000e+00 0.00000000e+00 0.00000000e+00]\n",
      " [0.00000000e+00 9.08674135e-08 2.93800364e-02 3.67795119e-01\n",
      "  5.68083691e-01 3.47410633e-02 0.00000000e+00 0.00000000e+00\n",
      "  0.00000000e+00 0.00000000e+00 0.00000000e+00 0.00000000e+00]\n",
      " [0.00000000e+00 0.00000000e+00 0.00000000e+00 6.33989566e-04\n",
      "  1.47133362e-01 5.90057539e-01 2.56030998e-01 6.14411095e-03\n",
      "  0.00000000e+00 0.00000000e+00 0.00000000e+00 0.00000000e+00]\n",
      " [0.00000000e+00 0.00000000e+00 0.00000000e+00 0.00000000e+00\n",
      "  0.00000000e+00 0.00000000e+00 2.48362188e-09 1.84927049e-01\n",
      "  5.08861994e-01 2.84311267e-01 2.18996869e-02 0.00000000e+00]]\n",
      "phi:  [-0.01512929 -0.19664173 -2.69704586  1.44077893 -0.45248663  0.54680586\n",
      "  0.68938692 -1.36077137  2.47921745 -3.04533483  0.13172766  1.51458365]\n",
      "A_mat:  [[1.00000802e-03 1.12235092e-05 8.60474797e-05 1.11663541e-04\n",
      "  3.16317900e-05 0.00000000e+00 0.00000000e+00 0.00000000e+00\n",
      "  0.00000000e+00 0.00000000e+00 0.00000000e+00 0.00000000e+00]\n",
      " [1.12235092e-05 1.67555506e-02 1.22025011e-01 1.60850937e-01\n",
      "  4.66462788e-02 2.10161301e-06 0.00000000e+00 0.00000000e+00\n",
      "  0.00000000e+00 0.00000000e+00 0.00000000e+00 0.00000000e+00]\n",
      " [8.60474797e-05 1.22025011e-01 9.72812032e-01 1.33474426e+00\n",
      "  4.09940319e-01 6.19072536e-05 0.00000000e+00 0.00000000e+00\n",
      "  0.00000000e+00 0.00000000e+00 0.00000000e+00 0.00000000e+00]\n",
      " [1.11663541e-04 1.60850937e-01 1.33474426e+00 1.95126607e+00\n",
      "  8.34107097e-01 2.01342401e-01 2.05607272e-02 2.60239141e-05\n",
      "  0.00000000e+00 0.00000000e+00 0.00000000e+00 0.00000000e+00]\n",
      " [3.16317900e-05 4.66462788e-02 4.09940319e-01 8.34107097e-01\n",
      "  3.56694706e+00 3.81157349e+00 5.45899034e-01 9.39552750e-03\n",
      "  9.53368490e-06 0.00000000e+00 0.00000000e+00 0.00000000e+00]\n",
      " [0.00000000e+00 2.10161301e-06 6.19072536e-05 2.01342401e-01\n",
      "  3.81157349e+00 5.62931860e+00 1.87349619e+00 1.88943515e-01\n",
      "  6.93605696e-04 0.00000000e+00 0.00000000e+00 0.00000000e+00]\n",
      " [0.00000000e+00 0.00000000e+00 0.00000000e+00 2.05607272e-02\n",
      "  5.45899034e-01 1.87349619e+00 1.96855076e+00 3.73755633e-01\n",
      "  2.19102921e-03 0.00000000e+00 0.00000000e+00 0.00000000e+00]\n",
      " [0.00000000e+00 0.00000000e+00 0.00000000e+00 2.60239141e-05\n",
      "  9.39552750e-03 1.88943515e-01 3.73755633e-01 1.83551654e+00\n",
      "  7.01998422e+00 6.56554931e+00 1.25222230e+00 2.06780012e-02]\n",
      " [0.00000000e+00 0.00000000e+00 0.00000000e+00 0.00000000e+00\n",
      "  9.53368490e-06 6.93605696e-04 2.19102921e-03 7.01998422e+00\n",
      "  2.88212465e+01 2.78945033e+01 5.93083770e+00 2.18821236e-01]\n",
      " [0.00000000e+00 0.00000000e+00 0.00000000e+00 0.00000000e+00\n",
      "  0.00000000e+00 0.00000000e+00 0.00000000e+00 6.56554931e+00\n",
      "  2.78945033e+01 2.91823759e+01 8.28862584e+00 8.44225386e-01]\n",
      " [0.00000000e+00 0.00000000e+00 0.00000000e+00 0.00000000e+00\n",
      "  0.00000000e+00 0.00000000e+00 0.00000000e+00 1.25222230e+00\n",
      "  5.93083770e+00 8.28862584e+00 5.00881904e+00 1.15059791e+00]\n",
      " [0.00000000e+00 0.00000000e+00 0.00000000e+00 0.00000000e+00\n",
      "  0.00000000e+00 0.00000000e+00 0.00000000e+00 2.06780012e-02\n",
      "  2.18821236e-01 8.44225386e-01 1.15059791e+00 3.51943400e-01]]\n",
      "B_vec:  [ 1.64442355e-04  2.36024596e-01  1.94046621e+00  2.78218156e+00\n",
      "  9.63907811e-01  4.23900521e-01  3.97033535e-01 -4.10900565e-01\n",
      " -1.75069259e+00 -6.70775420e-01  1.56928584e+00  6.14823778e-01]\n",
      "data_mat_t[t,:,:]:  [[0.00000000e+00 0.00000000e+00 0.00000000e+00 0.00000000e+00\n",
      "  0.00000000e+00 0.00000000e+00 0.00000000e+00 1.14935723e-01\n",
      "  4.43172012e-01 3.82228483e-01 5.95348862e-02 1.28895259e-04]\n",
      " [0.00000000e+00 0.00000000e+00 0.00000000e+00 0.00000000e+00\n",
      "  0.00000000e+00 0.00000000e+00 0.00000000e+00 3.86010092e-03\n",
      "  6.56767642e-02 3.17367373e-01 4.67679763e-01 1.45415998e-01]\n",
      " [3.33530277e-05 4.66529765e-02 3.57675213e-01 4.64153987e-01\n",
      "  1.31484470e-01 0.00000000e+00 0.00000000e+00 0.00000000e+00\n",
      "  0.00000000e+00 0.00000000e+00 0.00000000e+00 0.00000000e+00]\n",
      " [0.00000000e+00 0.00000000e+00 0.00000000e+00 0.00000000e+00\n",
      "  1.90864139e-03 1.81146300e-01 5.98086003e-01 2.16332206e-01\n",
      "  2.52684949e-03 0.00000000e+00 0.00000000e+00 0.00000000e+00]\n",
      " [0.00000000e+00 0.00000000e+00 0.00000000e+00 2.44366717e-03\n",
      "  2.14172769e-01 5.98282459e-01 1.83117483e-01 1.98362193e-03\n",
      "  0.00000000e+00 0.00000000e+00 0.00000000e+00 0.00000000e+00]\n",
      " [0.00000000e+00 0.00000000e+00 0.00000000e+00 0.00000000e+00\n",
      "  0.00000000e+00 0.00000000e+00 0.00000000e+00 5.95384697e-02\n",
      "  3.34381245e-01 4.59861274e-01 1.42787885e-01 3.43112584e-03]\n",
      " [0.00000000e+00 6.43426912e-03 1.89534385e-01 5.30485053e-01\n",
      "  2.73307056e-01 2.39237088e-04 0.00000000e+00 0.00000000e+00\n",
      "  0.00000000e+00 0.00000000e+00 0.00000000e+00 0.00000000e+00]\n",
      " [0.00000000e+00 0.00000000e+00 0.00000000e+00 2.89598539e-02\n",
      "  4.63527083e-01 4.63936020e-01 4.35770421e-02 6.72251596e-10\n",
      "  0.00000000e+00 0.00000000e+00 0.00000000e+00 0.00000000e+00]\n",
      " [0.00000000e+00 0.00000000e+00 0.00000000e+00 0.00000000e+00\n",
      "  1.84347705e-02 3.60559563e-01 5.39196649e-01 8.17739585e-02\n",
      "  3.50586026e-05 0.00000000e+00 0.00000000e+00 0.00000000e+00]\n",
      " [0.00000000e+00 0.00000000e+00 0.00000000e+00 0.00000000e+00\n",
      "  0.00000000e+00 0.00000000e+00 0.00000000e+00 8.35014022e-02\n",
      "  3.90356593e-01 4.28803355e-01 9.63977136e-02 9.40936141e-04]]\n",
      "phi:  [-3.40701653e-05 -2.52888212e-02  2.93507077e-01  1.33407054e+00\n",
      " -2.99139908e-01  1.83886417e-01  1.88182419e-01 -4.90070706e-01\n",
      "  5.08347256e-01 -6.53897694e-01  8.84942078e-01  1.35092224e-01]\n",
      "A_mat:  [[1.00000000e-03 0.00000000e+00 0.00000000e+00 0.00000000e+00\n",
      "  0.00000000e+00 0.00000000e+00 0.00000000e+00 0.00000000e+00\n",
      "  0.00000000e+00 0.00000000e+00 0.00000000e+00 0.00000000e+00]\n",
      " [0.00000000e+00 1.00000000e-03 0.00000000e+00 0.00000000e+00\n",
      "  0.00000000e+00 0.00000000e+00 0.00000000e+00 0.00000000e+00\n",
      "  0.00000000e+00 0.00000000e+00 0.00000000e+00 0.00000000e+00]\n",
      " [0.00000000e+00 0.00000000e+00 2.43793331e-03 7.70017620e-02\n",
      "  2.73851975e-01 6.21835968e-02 3.91366007e-04 0.00000000e+00\n",
      "  0.00000000e+00 0.00000000e+00 0.00000000e+00 0.00000000e+00]\n",
      " [0.00000000e+00 0.00000000e+00 7.70017620e-02 4.12839124e+00\n",
      "  1.48124282e+01 3.60248919e+00 7.60096594e-02 2.08493560e-04\n",
      "  0.00000000e+00 0.00000000e+00 0.00000000e+00 0.00000000e+00]\n",
      " [0.00000000e+00 0.00000000e+00 2.73851975e-01 1.48124282e+01\n",
      "  5.82095163e+01 2.41070864e+01 3.02177910e+00 3.19966929e-02\n",
      "  0.00000000e+00 0.00000000e+00 0.00000000e+00 0.00000000e+00]\n",
      " [0.00000000e+00 0.00000000e+00 6.21835968e-02 3.60248919e+00\n",
      "  2.41070864e+01 3.03547597e+01 8.29689569e+00 7.08548866e-01\n",
      "  5.84339135e-02 2.23058092e-05 0.00000000e+00 0.00000000e+00]\n",
      " [0.00000000e+00 0.00000000e+00 3.91366007e-04 7.60096594e-02\n",
      "  3.02177910e+00 8.29689569e+00 9.86493961e+00 1.09428411e+01\n",
      "  1.29599583e+00 3.18423097e-02 1.00576637e-04 0.00000000e+00]\n",
      " [0.00000000e+00 0.00000000e+00 0.00000000e+00 2.08493560e-04\n",
      "  3.19966929e-02 7.08548866e-01 1.09428411e+01 2.57801201e+01\n",
      "  1.17265816e+01 1.73838116e+00 7.16268956e-02 5.65384261e-03]\n",
      " [0.00000000e+00 0.00000000e+00 0.00000000e+00 0.00000000e+00\n",
      "  0.00000000e+00 5.84339135e-02 1.29599583e+00 1.17265816e+01\n",
      "  1.12050491e+01 2.73258362e+00 5.38957582e-01 9.43256597e-02]\n",
      " [0.00000000e+00 0.00000000e+00 0.00000000e+00 0.00000000e+00\n",
      "  0.00000000e+00 2.23058092e-05 3.18423097e-02 1.73838116e+00\n",
      "  2.73258362e+00 2.34615342e+00 1.69986801e+00 5.26006555e-01]\n",
      " [0.00000000e+00 0.00000000e+00 0.00000000e+00 0.00000000e+00\n",
      "  0.00000000e+00 0.00000000e+00 1.00576637e-04 7.16268956e-02\n",
      "  5.38957582e-01 1.69986801e+00 2.46349200e+00 1.01530167e+00]\n",
      " [0.00000000e+00 0.00000000e+00 0.00000000e+00 0.00000000e+00\n",
      "  0.00000000e+00 0.00000000e+00 0.00000000e+00 5.65384261e-03\n",
      "  9.43256597e-02 5.26006555e-01 1.01530167e+00 5.51557934e-01]]\n",
      "B_vec:  [ 0.          0.         -0.0036152  -0.22547837 -2.19237358 -3.41380095\n",
      " -0.54926002 -0.02433963 -0.55280961 -0.27990911 -0.07116221  0.02804668]\n",
      "data_mat_t[t,:,:]:  [[0.00000000e+00 0.00000000e+00 0.00000000e+00 0.00000000e+00\n",
      "  0.00000000e+00 0.00000000e+00 9.09366342e-03 4.50637021e-01\n",
      "  4.66918096e-01 7.31171746e-02 2.34044949e-04 0.00000000e+00]\n",
      " [0.00000000e+00 0.00000000e+00 0.00000000e+00 0.00000000e+00\n",
      "  0.00000000e+00 0.00000000e+00 0.00000000e+00 2.37066334e-05\n",
      "  1.80631592e-03 4.14991893e-02 3.20949094e-01 6.35721694e-01]\n",
      " [0.00000000e+00 0.00000000e+00 0.00000000e+00 5.75981589e-03\n",
      "  2.79166415e-01 5.83066531e-01 1.31452288e-01 5.54949980e-04\n",
      "  0.00000000e+00 0.00000000e+00 0.00000000e+00 0.00000000e+00]\n",
      " [0.00000000e+00 0.00000000e+00 3.46601340e-03 1.85606062e-01\n",
      "  6.60096410e-01 1.49888161e-01 9.43353780e-04 0.00000000e+00\n",
      "  0.00000000e+00 0.00000000e+00 0.00000000e+00 0.00000000e+00]\n",
      " [0.00000000e+00 0.00000000e+00 0.00000000e+00 0.00000000e+00\n",
      "  0.00000000e+00 2.12314741e-02 3.76530529e-01 5.48352969e-01\n",
      "  5.38707344e-02 1.42940326e-05 0.00000000e+00 0.00000000e+00]\n",
      " [0.00000000e+00 0.00000000e+00 0.00000000e+00 0.00000000e+00\n",
      "  0.00000000e+00 0.00000000e+00 0.00000000e+00 5.70894221e-02\n",
      "  3.27623563e-01 4.62468185e-01 1.48916190e-01 3.90264034e-03]\n",
      " [0.00000000e+00 0.00000000e+00 0.00000000e+00 1.10370904e-02\n",
      "  3.43595803e-01 5.52520396e-01 9.27434088e-02 1.03301633e-04\n",
      "  0.00000000e+00 0.00000000e+00 0.00000000e+00 0.00000000e+00]\n",
      " [0.00000000e+00 0.00000000e+00 0.00000000e+00 0.00000000e+00\n",
      "  0.00000000e+00 1.88735251e-02 3.63182613e-01 5.59384693e-01\n",
      "  5.85334681e-02 2.57007287e-05 0.00000000e+00 0.00000000e+00]\n",
      " [0.00000000e+00 0.00000000e+00 0.00000000e+00 2.16886979e-04\n",
      "  1.14283454e-01 5.72099890e-01 3.02862890e-01 1.05368793e-02\n",
      "  0.00000000e+00 0.00000000e+00 0.00000000e+00 0.00000000e+00]\n",
      " [0.00000000e+00 0.00000000e+00 0.00000000e+00 0.00000000e+00\n",
      "  0.00000000e+00 0.00000000e+00 0.00000000e+00 2.20603437e-03\n",
      "  4.51540341e-02 2.65899670e-01 4.88281115e-01 1.98459147e-01]]\n",
      "phi:  [ 0.          0.         -0.09918771 -3.28985429  1.12355277 -0.93631324\n",
      "  1.24531279 -0.85069637  0.86519536 -0.72260408  0.23841264  0.16186874]\n",
      "A_mat:  [[1.00000000e-03 0.00000000e+00 0.00000000e+00 0.00000000e+00\n",
      "  0.00000000e+00 0.00000000e+00 0.00000000e+00 0.00000000e+00\n",
      "  0.00000000e+00 0.00000000e+00 0.00000000e+00 0.00000000e+00]\n",
      " [0.00000000e+00 1.00000000e-03 0.00000000e+00 0.00000000e+00\n",
      "  0.00000000e+00 0.00000000e+00 0.00000000e+00 0.00000000e+00\n",
      "  0.00000000e+00 0.00000000e+00 0.00000000e+00 0.00000000e+00]\n",
      " [0.00000000e+00 0.00000000e+00 1.00000000e-03 0.00000000e+00\n",
      "  0.00000000e+00 0.00000000e+00 0.00000000e+00 0.00000000e+00\n",
      "  0.00000000e+00 0.00000000e+00 0.00000000e+00 0.00000000e+00]\n",
      " [0.00000000e+00 0.00000000e+00 0.00000000e+00 1.00000000e-03\n",
